image_width: 1280
image_height: 720
camera_name: camera1
camera_matrix:
  rows: 3
  cols: 3
  data: [560.934144, 0.000000, 629.314171, 0.000000, 561.900594, 369.975163, 0.000000, 0.000000, 1.000000]
distortion_model: plumb_bob
distortion_coefficients:
  rows: 1
  cols: 5
  data: [-0.285612, 0.074357, 0.001040, 0.000544, -0.008095]
rectification_matrix:
  rows: 3
  cols: 3
  data: [1.0, 0.0, 0.0, 0.0, 1.0, 0.0, 0.0, 0.0, 1.0]
projection_matrix:
  rows: 3
  cols: 4
  data: [560.495850, 0.000000, 628.822478, 0.000000, 0.000000, 561.120178, 369.461325, 0.000000, 0.000000, 0.000000, 1.000000, 0.000000]